<<<<<<< HEAD
name: database
channels:
  - conda-forge/label/gcc7
  - defaults
  - conda-forge
dependencies:
  - bzip2=1.0.8=h10d778d_5
  - ca-certificates=2023.08.22=hecd8cb5_0
  - krb5=1.20.1=h428f121_1
  - libedit=3.1.20221030=h6c40b1e_0
  - libexpat=2.5.0=hf0c8a7f_1
  - libffi=3.4.2=h0d85af4_5
  - libpq=12.15=h04015c4_1
  - libsqlite=3.44.2=h92b6c6a_0
  - libzlib=1.2.13=h8a1eda9_5
  - ncurses=6.4=h93d8f39_2
  - openssl=3.2.0=hd75f5a5_1
  - packaging=23.2=pyhd8ed1ab_0
  - pip=23.3.1=pyhd8ed1ab_0
  - psycopg2=2.9.3=py312h6c40b1e_1
  - python=3.12.0=h30d4d87_0_cpython
  - qtpy=1.5.1=pyh8a2030e_0
  - readline=8.2=h9e318b2_1
  - setuptools=68.2.2=pyhd8ed1ab_0
  - tk=8.6.13=h1abcd95_1
  - tzdata=2023c=h71feb2d_0
  - wheel=0.42.0=pyhd8ed1ab_0
  - xz=5.2.6=h775f41a_0
  - pip:
    - pyqt6==6.6.0
    - pyqt6-qt6==6.6.0
    - pyqt6-sip==13.6.0
prefix: /Users/nikonagengast/opt/anaconda3/envs/database

#export PYTHONPATH = '/Users/nikonagengast/Desktop/Alex/Master_Arbeit'
=======
name: db_environment
channels:
  - defaults
dependencies:
  - bzip2=1.0.8=he774522_0
  - ca-certificates=2023.08.22=haa95532_0
  - expat=2.5.0=hd77b12b_0
  - libffi=3.4.4=hd77b12b_0
  - openssl=3.0.12=h2bbff1b_0
  - pip=23.2.1=py312haa95532_0
  - python=3.12.0=h1d929f7_0
  - setuptools=68.0.0=py312haa95532_0
  - sqlite=3.41.2=h2bbff1b_0git o
  - tk=8.6.12=h2bbff1b_0
  - tzdata=2023c=h04d1e81_0
  - vc=14.2=h21ff451_1
  - vs2015_runtime=14.27.29016=h5e58377_2
  - wheel=0.41.2=py312haa95532_0
  - xz=5.4.2=h8cc25b3_0
  - zlib=1.2.13=h8cc25b3_0
  - pip:
    - psycopg2
    - pyqt6
    - pandas
    - sqlalchemy
>>>>>>> 1bc5c5b5b1195a0cec5e0355c61dc4849e63fa69
